{
  "asset": {
    "version": "2.0",
    "generator": "THREE.GLTFExporter"
  },
  "scenes": [
    {
      "nodes": [
        0
      ]
    }
  ],
  "scene": 0,
  "nodes": [
    {
      "children": [
        72
      ],
      "matrix": [
        0.01,
        0,
        0,
        0,
        0,
        0.01,
        0,
        0,
        0,
        0,
        0.01,
        0,
        0,
        0,
        0,
        1
      ]
    },
    {
      "matrix": [
        -1.3322676295501772e-15,
        -5.551115123125739e-16,
        0.9999999999999918,
        0,
        1,
        -4.4408920985006257e-16,
        1.4432899320127033e-15,
        0,
        2.220446049250314e-16,
        1.0000000000000002,
        6.661338147750939e-16,
        0,
        46.834165350104115,
        -180.0449695477302,
        -3.2109005539727646,
        1
      ],
      "name": "Ocean",
      "mesh": 0
    },
    {
      "matrix": [
        0,
        0.9999999999999986,
        7.216449660063508e-16,
        0,
        0.36227867428917104,
        7.771561172376165e-16,
        -0.9320698268666884,
        0,
        -0.9320698268666945,
        1.6653345369377607e-16,
        -0.36227867428917354,
        0,
        295.43334213720675,
        -80.3551066169115,
        -637.7986419629756,
        1
      ],
      "name": "Cylinder 3",
      "mesh": 1
    },
    {
      "matrix": [
        0.27410528124658495,
        -0.05426100192895718,
        0.631115471721856,
        0,
        -0.5945569828309548,
        0.21519271752021024,
        0.27672872759714556,
        0,
        -0.15569660399369223,
        -0.4656506218588947,
        0.02758701523894299,
        0,
        132.57111747107186,
        -100.638973260733,
        312.66241940474407,
        1
      ],
      "name": "Cube 7",
      "mesh": 2
    },
    {
      "matrix": [
        0.5394858511782504,
        -0.2685888152103832,
        0.0410938167688366,
        0,
        0.10612807814754166,
        0.2923912313807713,
        0.5178009616586514,
        0,
        -0.17821582481580026,
        -0.3243521301146498,
        0.2196817505784519,
        0,
        -37.604142659013604,
        -293.90892340046787,
        -301.11171276946595,
        1
      ],
      "name": "Cube 8",
      "mesh": 3
    },
    {
      "matrix": [
        0.5420768677338794,
        -0.4091692107625296,
        0.12295497800455081,
        0,
        -0.28790807314841926,
        -0.20307841377732846,
        0.5935088874296335,
        0,
        -0.2249103657773964,
        -0.36865730861183293,
        -0.23524475279056334,
        0,
        136.07931572399772,
        127.87271651167964,
        -225.50593571565008,
        1
      ],
      "name": "Cube 6",
      "mesh": 4
    },
    {
      "matrix": [
        0.7990833151520395,
        0.28301471802155176,
        0.10860844682321208,
        0,
        -0.13864104843325448,
        0.0688979631313837,
        0.8405111541545555,
        0,
        0.19207098915305115,
        -0.5724728638581651,
        0.07860828169980409,
        0,
        80.34352959370166,
        218.97805046768502,
        15.992453506797126,
        1
      ],
      "name": "Cube 5",
      "mesh": 5
    },
    {
      "matrix": [
        0.7513069674599602,
        1.3492146239923511e-15,
        -0.549345330770994,
        0,
        0.2746726653854987,
        0.8060284355066712,
        0.3756534837299844,
        0,
        0.3389650554527788,
        -0.3315649350043444,
        0.46358236544889686,
        0,
        -149.25690475689802,
        270.7038995525338,
        -51.292519853070004,
        1
      ],
      "name": "Cube 4",
      "mesh": 6
    },
    {
      "matrix": [
        1,
        0,
        0,
        0,
        0,
        1,
        0,
        0,
        0,
        0,
        1,
        0,
        795.240250644813,
        568.8393980988563,
        -368.8022869266247,
        1
      ],
      "name": "Birds",
      "children": [
        3,
        4,
        5,
        6,
        7
      ]
    },
    {
      "matrix": [
        -1.3322676295501667e-15,
        -4.996003610813126e-16,
        0.999999999999984,
        0,
        1,
        -4.440892098500626e-16,
        1.3877787807814457e-15,
        0,
        3.3306690738754706e-16,
        1.0000000000000002,
        5.551115123125784e-16,
        0,
        547.5091613364352,
        720.1049115030335,
        -1321.1005489624804,
        1
      ],
      "name": "Cloud",
      "mesh": 7
    },
    {
      "matrix": [
        -0.1730355078829226,
        -2.220446049250304e-16,
        0.9849155867442096,
        0,
        0.9849155867442139,
        -1.3322676295501882e-15,
        0.17303550788292335,
        0,
        1.4432899320127065e-15,
        1.000000000000002,
        4.440892098500635e-16,
        0,
        277.41356289633626,
        501.9711488812035,
        -1392.6912266730988,
        1
      ],
      "name": "Cloud",
      "mesh": 8
    },
    {
      "matrix": [
        1,
        0,
        0,
        0,
        0,
        1,
        0,
        0,
        0,
        0,
        1,
        0,
        1596.8497260386787,
        677.1029651531727,
        -529.7550847792212,
        1
      ],
      "name": "Cloud",
      "mesh": 9
    },
    {
      "matrix": [
        1,
        0,
        0,
        0,
        0,
        1,
        0,
        0,
        0,
        0,
        1,
        0,
        1216.0901930903524,
        815.6987851227132,
        -579.923557526141,
        1
      ],
      "name": "Cloud",
      "mesh": 10
    },
    {
      "matrix": [
        0.46410445298926434,
        -0.3513648453164823,
        0.4889725864868873,
        0,
        0.07797557066509343,
        -0.5770951423269555,
        -0.48869765215981287,
        0,
        0.5970521377898377,
        0.34849437631442903,
        -0.31626697991133146,
        0,
        599.9228127424564,
        346.0621533523112,
        -51.86159445403677,
        1.0000000000000002
      ],
      "name": "Icosahedron 4",
      "mesh": 11
    },
    {
      "matrix": [
        0.7917954265338694,
        -0.46218439904121833,
        0.39930637836497296,
        0,
        -0.12049406547157207,
        -0.7591094416567091,
        -0.6397140265570193,
        0,
        0.5987830848530938,
        0.45840859161949093,
        -0.6567498613804763,
        0,
        -285.3396213124055,
        -52.35819061389711,
        1044.1027398704518,
        1
      ],
      "name": "Icosahedron 3",
      "mesh": 12
    },
    {
      "matrix": [
        1.5165913336209296,
        -0.8852600439852706,
        0.7648245652780034,
        0,
        -0.2307922593679219,
        -1.453985160694967,
        -1.2252972373421818,
        0,
        1.1468988160013869,
        0.8780279274292546,
        -1.2579273821857218,
        0,
        304.41152479217715,
        -198.2090321958518,
        -782.7752475701307,
        1
      ],
      "name": "Icosahedron 2",
      "mesh": 13
    },
    {
      "matrix": [
        0.882813115663881,
        -0.3695411562761155,
        -0.289966095655926,
        0,
        -0.46940005999294,
        -0.6711104755942146,
        -0.5738242877626566,
        0,
        0.017452406437284598,
        0.6426897100201705,
        -0.765927770839869,
        0,
        -423.8716059774213,
        -105.57298316728243,
        -898.9509379717815,
        1
      ],
      "name": "Icosahedron",
      "mesh": 14
    },
    {
      "matrix": [
        0.8764588188020269,
        0.3944983038024833,
        -0.2760272219204444,
        0,
        -0.26501753336459016,
        -0.08335683889408362,
        -0.9606338243154585,
        0,
        -0.40197717093574514,
        0.9151080404556371,
        0.031490130834069444,
        0,
        -1018.370200700606,
        -131.13773742975275,
        -717.8925914778503,
        0.9999999999999998
      ],
      "name": "Cube 4",
      "mesh": 15
    },
    {
      "matrix": [
        0.7365219291987578,
        -0.6549126473122467,
        0.16918886547230733,
        0,
        0.4845197698823725,
        0.33627129991415217,
        -0.8075656044230574,
        0,
        0.47199156814764526,
        0.6767651270895323,
        0.5649893117157296,
        0,
        1229.77480024392,
        -100.57008205387855,
        498.19672889070455,
        0.9999999999999999
      ],
      "name": "Cube 15",
      "mesh": 16
    },
    {
      "matrix": [
        0.8815439352041091,
        -0.3697235715587105,
        -0.2935724287781919,
        0,
        0.010210284147982338,
        0.6366266122220776,
        -0.7711046016645582,
        0,
        0.47199156814764404,
        0.6767651270895316,
        0.5649893117157312,
        0,
        -203.1498276478103,
        -25.283806689823653,
        -783.4449343731501,
        1
      ],
      "name": "Cube 2",
      "mesh": 17
    },
    {
      "matrix": [
        -0.1383916524321434,
        -0.9892982350667586,
        0.04622502169765751,
        0,
        -0.008144209502803632,
        -0.04553576067948637,
        -0.9989295102012854,
        0,
        -3.1599339453436857,
        0.44230076965442616,
        0.005600657517302001,
        0,
        -86.07550957305575,
        231.8818401301913,
        178.98590898456516,
        1
      ],
      "name": "Cube 22",
      "mesh": 18
    },
    {
      "matrix": [
        -0.421750455075229,
        -0.8026760704165391,
        0.42170805022497704,
        0,
        0.8878552298847013,
        -0.45995385503950464,
        0.012471647875683028,
        0,
        0.2158512661295517,
        0.44550688184777065,
        1.0638475664490057,
        0,
        301.89713455950874,
        291.27504444684894,
        -353.4411876544297,
        1
      ],
      "name": "Cube 21",
      "mesh": 19
    },
    {
      "matrix": [
        0.028274325888688688,
        0.8375464470096884,
        -0.5456340454893135,
        0,
        -0.9435017617944881,
        -0.1579291411113805,
        -0.29131222404590745,
        0,
        -0.38740470488603557,
        0.6137328670764997,
        0.9220029056381264,
        0,
        -17.57032114062401,
        2.8191823223080714,
        684.287306751742,
        0.9999999999999997
      ],
      "name": "Cube 23",
      "mesh": 20
    },
    {
      "matrix": [
        -0.6502218489451211,
        -0.7296220033790324,
        0.21180953552566942,
        0,
        0.6630563550285904,
        -0.408869524544303,
        0.6270422489395436,
        0,
        -0.4352112651529857,
        0.6432023807993967,
        0.8796144880121328,
        0,
        -98.21079860081169,
        -49.66643156843527,
        1082.0767989629653,
        0.9999999999999997
      ],
      "name": "Cube 20",
      "mesh": 21
    },
    {
      "matrix": [
        -1.2454237395105314,
        -1.3975054288804345,
        0.4056963392207271,
        0,
        1.2700067315880468,
        -0.7831416508934265,
        1.2010259325679644,
        0,
        -0.8335961675284893,
        1.2319787710253818,
        1.684798452658843,
        0,
        662.8348514302616,
        -193.05328324386053,
        -710.0403882969163,
        1.0000000000000002
      ],
      "name": "Cube 3",
      "mesh": 22
    },
    {
      "matrix": [
        0.29825158942499,
        -0.44614637278350816,
        -0.8438005709038061,
        0,
        -0.8485559279225396,
        -0.5287129093597536,
        -0.020383735277403277,
        0,
        -0.5128106720297221,
        0.8472935737091678,
        -0.6292524216135112,
        0,
        -502.08206737387945,
        -121.32882507642559,
        -703.0263746869717,
        1
      ],
      "name": "Cube",
      "mesh": 23
    },
    {
      "matrix": [
        1,
        0,
        0,
        0,
        0,
        1,
        0,
        0,
        0,
        0,
        1,
        0,
        -186.7776985549325,
        -35.99657562794249,
        -70.79224946162572,
        1
      ],
      "name": "Stones",
      "children": [
        13,
        14,
        15,
        16,
        17,
        18,
        19,
        20,
        21,
        22,
        23,
        24,
        25
      ]
    },
    {
      "matrix": [
        -0.5333900251603001,
        0.03300684974208744,
        0.5706083560533152,
        0,
        0.5697255830912832,
        -0.03181457074489455,
        0.5344051460529615,
        0,
        0.04578327313618037,
        0.780440034869235,
        -0.0023475396730519575,
        0,
        135.17191718424903,
        -55.99569088385824,
        13.608455270289141,
        1
      ],
      "name": "Cube 2",
      "mesh": 24
    },
    {
      "matrix": [
        -1.0859392398076833,
        -0.0757332685840025,
        0.05568159009488387,
        0,
        0.056003647475995726,
        2.914215879923336e-15,
        1.0922202161056536,
        0,
        -0.07588752933872245,
        1.0910120764430662,
        0.003891136950440777,
        0,
        -19.753225309034057,
        51.56748747139918,
        96.34609385486928,
        0.9999999999999998
      ],
      "name": "Cube",
      "mesh": 25
    },
    {
      "matrix": [
        2.220446049250313e-16,
        0,
        1,
        0,
        0,
        1,
        0,
        0,
        -1,
        0,
        2.220446049250313e-16,
        0,
        28.92092623564622,
        -154.5330994902572,
        59.85639937396138,
        1
      ],
      "name": "Cylinder",
      "mesh": 26
    },
    {
      "matrix": [
        0.08664151460418384,
        -0.33918259294523406,
        0.936722166167766,
        0,
        -0.2205308707501115,
        0.9104016611058967,
        0.3500499257274851,
        0,
        -0.9715242575423835,
        -0.23690501070801953,
        0.004078346250886632,
        0,
        -511.46759798560424,
        190.71779187603647,
        464.52988332217,
        1
      ],
      "name": "Trees 1",
      "children": [
        27,
        28,
        29
      ]
    },
    {
      "matrix": [
        -0.6822717439474131,
        0.04221983890489205,
        0.729878587584127,
        0,
        0.728749411896721,
        -0.040694766758216254,
        0.6835702089900331,
        0,
        0.058562462987295054,
        0.9982792300560697,
        -0.0030027932866527616,
        0,
        -88.94193177161729,
        -26.88017902070358,
        -87.25303324790107,
        1
      ],
      "name": "Cube 4",
      "mesh": 27
    },
    {
      "matrix": [
        -1.0895806915326447,
        -0.07598722297796202,
        0.05586830571843526,
        0,
        0.05600364747599572,
        2.914215879923336e-15,
        1.0922202161056536,
        0,
        -0.06515693441514069,
        0.9367415559627973,
        0.0033409251465883654,
        0,
        -28.356287800660656,
        71.00318630392323,
        100.8046883170043,
        0.9999999999999998
      ],
      "name": "Cube",
      "mesh": 28
    },
    {
      "matrix": [
        2.220446049250313e-16,
        0,
        1,
        0,
        0,
        1,
        0,
        0,
        -1,
        0,
        2.220446049250313e-16,
        0,
        28.92092623564622,
        -154.5330994902572,
        59.85639937396138,
        1
      ],
      "name": "Cylinder",
      "mesh": 29
    },
    {
      "matrix": [
        0.6692954017616273,
        -0.24330371326305344,
        0.7020306035303226,
        0,
        0.33812713285233753,
        0.9410927890123895,
        0.003795325801306325,
        0,
        -0.6615993555089044,
        0.23483540103930295,
        0.7121366632949824,
        0,
        -751.9009747333637,
        178.66354277931208,
        -469.6139698697194,
        1
      ],
      "name": "Tress 2",
      "children": [
        31,
        32,
        33
      ]
    },
    {
      "matrix": [
        0.7358296291437608,
        -0.10523924519998915,
        0.5696939514654746,
        0,
        0.5196546999446612,
        0.5270038137401,
        -0.5738446770000158,
        0,
        -0.32630729534502434,
        0.9772570733053603,
        0.601994056632394,
        0,
        -264.11268454888926,
        60.731608044331416,
        -131.45219561854535,
        1.0000000000000002
      ],
      "name": "Cube 11",
      "mesh": 30
    },
    {
      "matrix": [
        0.7358296291437608,
        -0.10523924519998915,
        0.5696939514654746,
        0,
        0.5196546999446612,
        0.5270038137401,
        -0.5738446770000158,
        0,
        -0.32630729534502434,
        0.9772570733053603,
        0.601994056632394,
        0,
        -318.15378035904416,
        -16.382950891849084,
        94.75054800778364,
        1.0000000000000002
      ],
      "name": "Cube 10",
      "mesh": 31
    },
    {
      "matrix": [
        0.5293292250528625,
        -0.6288188452792843,
        0.4488531736759956,
        0,
        0.7724783387033979,
        0.43966865731067584,
        -0.29502614834129853,
        0,
        -0.016093157698476582,
        0.6841997829053684,
        0.9775051661699824,
        0,
        -249.492262557741,
        -28.633708918447667,
        166.34224359121006,
        1.0000000000000002
      ],
      "name": "Cube 9",
      "mesh": 32
    },
    {
      "matrix": [
        -0.0936343831504421,
        -0.6288188452792854,
        -0.6876708531747684,
        0,
        -0.7717369327328443,
        0.4396686573106777,
        -0.2969601296928024,
        0,
        0.5222321793422671,
        0.5369823756816324,
        -0.5621345206079774,
        0,
        -316.4549148046367,
        -283.1577144056458,
        538.5591254897379,
        1
      ],
      "name": "Cube 12",
      "mesh": 33
    },
    {
      "matrix": [
        0.5293292250528624,
        -0.6288188452792846,
        0.44885317367599564,
        0,
        0.7724783387033983,
        0.439668657310676,
        -0.2950261483412989,
        0,
        -0.012630436707318176,
        0.5369823756816335,
        0.7671780370085646,
        0,
        8.46981207454962,
        -71.25000848274165,
        241.42249050361195,
        1
      ],
      "name": "Cube 8",
      "mesh": 34
    },
    {
      "matrix": [
        -0.09363438315044134,
        -0.6288188452792841,
        -0.6876708531747683,
        0,
        -0.8956177210400857,
        0.25152634638236016,
        -0.10805153875322711,
        0,
        0.2572415989754261,
        0.6468331292455595,
        -0.626502516243458,
        0,
        -393.92045413193557,
        -273.15729544251843,
        501.4220846461461,
        1.0000000000000002
      ],
      "name": "Cube 12",
      "mesh": 35
    },
    {
      "matrix": [
        0.5293292250528623,
        -0.6288188452792838,
        0.448853173675995,
        0,
        0.738332436928303,
        0.251526346382357,
        -0.5183352678021156,
        0,
        0.22748082177820886,
        0.6468331292455595,
        0.6379115289959322,
        0,
        90.90883497393762,
        -61.24958951961424,
        217.25894173109012,
        1.0000000000000002
      ],
      "name": "Cube 7",
      "mesh": 36
    },
    {
      "matrix": [
        0.4306018738721858,
        0.06134004227200444,
        0.8293920457927478,
        0,
        0.8017059883111481,
        0.21777612200437896,
        -0.43233414066345854,
        0,
        -0.22118154244023774,
        0.9087808867329988,
        0.04762106030901853,
        0,
        310.66829925754183,
        78.16998739793276,
        -177.3395265597941,
        1.0000000000000004
      ],
      "name": "Cube 6",
      "mesh": 37
    },
    {
      "matrix": [
        1,
        0,
        0,
        0,
        0,
        1,
        0,
        0,
        0,
        0,
        1,
        0,
        64.85907941735371,
        252.160719814576,
        -9.63332473642572,
        1
      ],
      "name": "Bush",
      "children": [
        35,
        36,
        37,
        38,
        39,
        40,
        41,
        42
      ]
    },
    {
      "matrix": [
        -0.8919017282315064,
        -0.3732204437767049,
        0.25537777414015156,
        0,
        0.26509071356424607,
        0.026034493700173248,
        0.9638719410376979,
        0,
        -0.3663853446300172,
        0.927377326380635,
        0.07571706383271408,
        0,
        -216.30157033801373,
        -10.799444611557208,
        24.109042267627018,
        1
      ],
      "name": "Cube 4",
      "mesh": 38
    },
    {
      "matrix": [
        0.37234471744700276,
        -0.019776124996349207,
        0.6871365099728785,
        0,
        0.6502162785975885,
        0.26373445177879784,
        -0.34474801966059065,
        0,
        -0.22308399652210636,
        0.7356910430971141,
        0.1420580397959174,
        0,
        -136.22736002073168,
        -44.36189215279095,
        153.84745672910367,
        1
      ],
      "name": "Cube 5",
      "mesh": 39
    },
    {
      "matrix": [
        0.38674361939004126,
        0.19574294630667693,
        -0.6506168910353811,
        0,
        -0.6790999675305466,
        0.1345040132694891,
        -0.3632081656332687,
        0,
        0.020997000485158585,
        0.744836650852957,
        0.2365708278402966,
        0,
        -32.44563583250523,
        31.48046537410951,
        -141.50495900118443,
        1
      ],
      "name": "Cube 2",
      "mesh": 40
    },
    {
      "matrix": [
        -1.2664527441216198,
        0.11855405719273493,
        -0.22996432959884303,
        0,
        -0.2002106608846002,
        0.27863843938438404,
        1.2462413577728064,
        0,
        0.1638729649236063,
        1.2566410649339923,
        -0.25463718453236917,
        0,
        -77.9728413057033,
        107.88862265731592,
        85.70190059454522,
        0.9999999999999998
      ],
      "name": "Cube",
      "mesh": 41
    },
    {
      "matrix": [
        -1.776356839400249e-15,
        1.2490009027033001e-15,
        0.9999999999999992,
        0,
        -0.2835726481519704,
        0.958950756410396,
        -1.6930901125533568e-15,
        0,
        -0.958950756410396,
        -0.2835726481519704,
        -1.3322676295501823e-15,
        0,
        -58.547045223273834,
        -79.70863876418234,
        59.85639937396117,
        1
      ],
      "name": "Cylinder",
      "mesh": 42
    },
    {
      "matrix": [
        1.1959599343405283,
        -0.06265377448086554,
        0.02795465056979346,
        0,
        0.06577445171650088,
        1.185893112425314,
        -0.15607168191748663,
        0,
        -0.01951100834329287,
        0.15735041448455367,
        1.1873867483292684,
        0,
        506.5910264822736,
        460.5828646039185,
        -324.75863140548233,
        1
      ],
      "name": "Trees 3",
      "children": [
        44,
        45,
        46,
        47,
        48
      ]
    },
    {
      "matrix": [
        -0.8919017282315064,
        -0.3732204437767049,
        0.25537777414015156,
        0,
        0.26509071356424607,
        0.026034493700173248,
        0.9638719410376979,
        0,
        -0.3663853446300172,
        0.927377326380635,
        0.07571706383271408,
        0,
        -212.30914515227806,
        -20.90488318542026,
        23.283969111546103,
        1
      ],
      "name": "Cube 4",
      "mesh": 43
    },
    {
      "matrix": [
        0.37234471744700276,
        -0.01977612499634942,
        0.6871365099728786,
        0,
        0.6502162785975885,
        0.2637344517787978,
        -0.3447480196605908,
        0,
        -0.2230839965221065,
        0.7356910430971142,
        0.14205803979591747,
        0,
        -145.42216423119282,
        -48.09139989887457,
        158.7225892766312,
        1
      ],
      "name": "Cube 5",
      "mesh": 44
    },
    {
      "matrix": [
        0.38674361939004126,
        0.19574294630667693,
        -0.6506168910353811,
        0,
        -0.6790999675305466,
        0.1345040132694891,
        -0.3632081656332687,
        0,
        0.020997000485158585,
        0.744836650852957,
        0.2365708278402966,
        0,
        -32.44563583250523,
        31.48046537410951,
        -141.50495900118443,
        1
      ],
      "name": "Cube 2",
      "mesh": 45
    },
    {
      "matrix": [
        -1.2537555159135936,
        0.19675550920321333,
        -0.24540901852271185,
        0,
        -0.20021066088459977,
        0.27863843938438304,
        1.246241357772804,
        0,
        0.24259845020578155,
        1.246791522329802,
        -0.23978761907599533,
        0,
        -39.209014316333175,
        106.5913649115625,
        92.21941603652178,
        0.9999999999999998
      ],
      "name": "Cube",
      "mesh": 46
    },
    {
      "matrix": [
        -1.776356839400249e-15,
        1.2490009027033001e-15,
        0.9999999999999992,
        0,
        -0.2835726481519707,
        0.9589507564103967,
        -1.6930901125533582e-15,
        0,
        -0.958950756410396,
        -0.2835726481519704,
        -1.3322676295501823e-15,
        0,
        -52.011055410901534,
        -101.81123721756407,
        59.85639937396121,
        1
      ],
      "name": "Cylinder",
      "mesh": 47
    },
    {
      "matrix": [
        1.1959599343405283,
        -0.06265377448086554,
        0.02795465056979346,
        0,
        0.06577445171650088,
        1.185893112425314,
        -0.15607168191748663,
        0,
        -0.01951100834329287,
        0.15735041448455367,
        1.1873867483292684,
        0,
        -554.8901661098704,
        191.9110719628914,
        -4.702619213822402,
        1
      ],
      "name": "Trees 4",
      "children": [
        50,
        51,
        52,
        53,
        54
      ]
    },
    {
      "matrix": [
        -0.025696194975820333,
        -0.09142937554282976,
        0.9954799720996924,
        0,
        0.9301083188554502,
        0.36278363221478616,
        0.057328451862399474,
        0,
        -0.36638534463001393,
        0.9273773263806269,
        0.0757170638327171,
        0,
        -286.81229306960256,
        -88.0421960683905,
        100.05184780626871,
        1
      ],
      "name": "Cube 4",
      "mesh": 48
    },
    {
      "matrix": [
        0.503099274704994,
        -0.4997226952116035,
        0.32917565941307236,
        0,
        0.3311695534058339,
        -0.12567641614728603,
        -0.6969364622328399,
        0,
        0.49840356515233497,
        0.5879378652401053,
        0.13080986174067358,
        0,
        205.21280487302533,
        -128.13607428858398,
        20.137572277213028,
        1
      ],
      "name": "Cube 2",
      "mesh": 49
    },
    {
      "matrix": [
        -1.287794653313802,
        -0.08981064021383811,
        0.0660317367525104,
        0,
        0.06619169956491248,
        3.4443631921271197e-15,
        1.290914354001258,
        0,
        -0.08969281054176362,
        1.2894864324071738,
        0.0045990034506217005,
        0,
        -58.92003109715592,
        117.88073506499279,
        2.8553387060242446,
        0.9999999999999998
      ],
      "name": "Cube",
      "mesh": 50
    },
    {
      "matrix": [
        -1.3322676295501873e-15,
        7.771561172376092e-16,
        0.9999999999999993,
        0,
        -0.28357264815197175,
        0.9589507564103974,
        -1.110223024625154e-15,
        0,
        -0.9589507564103965,
        -0.2835726481519716,
        -8.881784197001226e-16,
        0,
        -37.19931611944612,
        -151.8997372540092,
        59.85639937396127,
        1
      ],
      "name": "Cylinder",
      "mesh": 51
    },
    {
      "matrix": [
        0.055502897472566974,
        0.06688627380879139,
        -0.8529750532209794,
        0,
        -0.07484160637157088,
        0.8518710135797782,
        0.0619297735138579,
        0,
        0.8523138793877987,
        0.07044706713363214,
        0.060984001216688614,
        0,
        -1197.3291282724977,
        163.5925140070072,
        -336.67088323570005,
        1
      ],
      "name": "Trees 5",
      "children": [
        56,
        57,
        58,
        59
      ]
    },
    {
      "matrix": [
        -0.5923265267076502,
        -0.29522177252524295,
        0.7496621844440989,
        0,
        0.7175730380935403,
        0.22981601237110863,
        0.6574751215514176,
        0,
        -0.3663853446300145,
        0.9273773263806284,
        0.07571706383271723,
        0,
        -187.68897340228057,
        -35.328369574975895,
        -58.96317952145355,
        1
      ],
      "name": "Cube 4",
      "mesh": 52
    },
    {
      "matrix": [
        0.3723447174470028,
        -0.01977612499634936,
        0.6871365099728777,
        0,
        0.6858947225037594,
        -0.04135848065036957,
        -0.3728621364365669,
        0,
        0.045783273136175924,
        0.780440034869223,
        -0.002347539673045498,
        0,
        45.96810267020455,
        -108.44671656443785,
        34.7212763966985,
        1
      ],
      "name": "Cube 5",
      "mesh": 53
    },
    {
      "matrix": [
        0.47514134936188945,
        -0.39527875221504716,
        0.4787313163374095,
        0,
        0.5797941589820845,
        0.06699011490086926,
        -0.5201339488863378,
        0,
        0.221963281659579,
        0.6711596677551094,
        0.3338641475840506,
        0,
        51.789569882227376,
        -39.45546309604312,
        -104.060855266615,
        1
      ],
      "name": "Cube 2",
      "mesh": 54
    },
    {
      "matrix": [
        -1.287794653313802,
        -0.08981064021383811,
        0.0660317367525104,
        0,
        0.06619169956491248,
        3.4443631921271197e-15,
        1.290914354001258,
        0,
        -0.08969281054176362,
        1.2894864324071738,
        0.0045990034506217005,
        0,
        -40.3733269988273,
        65.53934162336583,
        69.08607602288592,
        0.9999999999999998
      ],
      "name": "Cube",
      "mesh": 55
    },
    {
      "matrix": [
        -1.3322676295501873e-15,
        7.771561172376092e-16,
        0.9999999999999993,
        0,
        -0.28357264815197175,
        0.9589507564103974,
        -1.110223024625154e-15,
        0,
        -0.9589507564103965,
        -0.2835726481519716,
        -8.881784197001226e-16,
        0,
        -37.19931611944612,
        -151.8997372540092,
        59.85639937396127,
        1
      ],
      "name": "Cylinder",
      "mesh": 56
    },
    {
      "matrix": [
        1.1317728268451919,
        -0.11228043640732252,
        -0.37617880656412056,
        0,
        0.06577445171650138,
        1.1858931124253167,
        -0.1560716819174867,
        0,
        0.3870285679497305,
        0.12679807567680648,
        1.1265692424739935,
        0,
        -1037.8343931004656,
        335.19025221495826,
        -730.998623562568,
        1
      ],
      "name": "Trees 6",
      "children": [
        61,
        62,
        63,
        64,
        65
      ]
    },
    {
      "matrix": [
        -1.6981403788493195e-15,
        -9.90581887662103e-16,
        1.2746240629014314,
        0,
        1.2864930592349242,
        -5.713176861532274e-16,
        1.7853677692288357e-15,
        0,
        6.98288871414867e-16,
        1.397694889378204,
        1.2414024380708745e-15,
        0,
        -296.64129582885636,
        154.07820336302768,
        -282.88601616405475,
        1
      ],
      "name": "Island Grass",
      "mesh": 57
    },
    {
      "matrix": [
        -1.7421190865967162e-15,
        -9.436478385732213e-16,
        1.307634478205333,
        0,
        1.307634478205357,
        -5.807063621989159e-16,
        1.8147073818716123e-15,
        0,
        7.258829527486453e-16,
        1.3076344782053577,
        1.0162361338481034e-15,
        0,
        -299.3502625351676,
        122.89837113552875,
        -282.88601616405475,
        1
      ],
      "name": "Island Rock Base",
      "mesh": 58
    },
    {
      "matrix": [
        0.2149861963017699,
        0.36888522956125414,
        -0.9042702155944525,
        0,
        -0.8639795008044114,
        0.5035269825836148,
        0,
        0,
        0.45532445309850955,
        0.7812709294615926,
        0.426960627211412,
        0,
        0,
        0,
        0,
        1
      ],
      "name": "Directional Light",
      "extensions": {
        "KHR_lights_punctual": {
          "light": 0
        }
      }
    },
    {
      "matrix": [
        0.7786862484826509,
        -2.4870402973165007e-8,
        -0.6274135210720395,
        0,
        -0.1677112848235568,
        0.9636117389615907,
        -0.20814740324647582,
        0,
        0.6045830392649525,
        0.2673058483000673,
        0.7503512058347973,
        0,
        661.1230612283467,
        659.6824060212055,
        930.7922107306404,
        1
      ],
      "camera": 0
    },
    {
      "matrix": [
        1,
        0,
        0,
        0,
        0,
        1,
        0,
        0,
        0,
        0,
        1,
        0,
        0,
        1,
        0,
        1
      ],
      "name": "Default Ambient Light"
    },
    {
      "name": "Scene",
      "children": [
        1,
        2,
        8,
        9,
        10,
        11,
        12,
        26,
        30,
        34,
        43,
        49,
        55,
        60,
        66,
        67,
        68,
        69,
        70,
        71
      ]
    }
  ],
  "bufferViews": [
    {
      "buffer": 0,
      "byteOffset": 0,
      "byteLength": 196608,
      "target": 34962,
      "byteStride": 12
    },
    {
      "buffer": 0,
      "byteOffset": 196608,
      "byteLength": 196608,
      "target": 34962,
      "byteStride": 12
    },
    {
      "buffer": 0,
      "byteOffset": 393216,
      "byteLength": 98304,
      "target": 34963
    },
    {
      "buffer": 0,
      "byteOffset": 491520,
      "byteLength": 624,
      "target": 34962,
      "byteStride": 12
    },
    {
      "buffer": 0,
      "byteOffset": 492144,
      "byteLength": 624,
      "target": 34962,
      "byteStride": 12
    },
    {
      "buffer": 0,
      "byteOffset": 492768,
      "byteLength": 416,
      "target": 34962,
      "byteStride": 8
    },
    {
      "buffer": 0,
      "byteOffset": 493184,
      "byteLength": 192,
      "target": 34963
    },
    {
      "buffer": 0,
      "byteOffset": 493376,
      "byteLength": 19968,
      "target": 34962,
      "byteStride": 12
    },
    {
      "buffer": 0,
      "byteOffset": 513344,
      "byteLength": 19968,
      "target": 34962,
      "byteStride": 12
    },
    {
      "buffer": 0,
      "byteOffset": 533312,
      "byteLength": 9984,
      "target": 34963
    },
    {
      "buffer": 0,
      "byteOffset": 543296,
      "byteLength": 19968,
      "target": 34962,
      "byteStride": 12
    },
    {
      "buffer": 0,
      "byteOffset": 563264,
      "byteLength": 19968,
      "target": 34962,
      "byteStride": 12
    },
    {
      "buffer": 0,
      "byteOffset": 583232,
      "byteLength": 9984,
      "target": 34963
    },
    {
      "buffer": 0,
      "byteOffset": 593216,
      "byteLength": 19968,
      "target": 34962,
      "byteStride": 12
    },
    {
      "buffer": 0,
      "byteOffset": 613184,
      "byteLength": 19968,
      "target": 34962,
      "byteStride": 12
    },
    {
      "buffer": 0,
      "byteOffset": 633152,
      "byteLength": 9984,
      "target": 34963
    },
    {
      "buffer": 0,
      "byteOffset": 643136,
      "byteLength": 19968,
      "target": 34962,
      "byteStride": 12
    },
    {
      "buffer": 0,
      "byteOffset": 663104,
      "byteLength": 19968,
      "target": 34962,
      "byteStride": 12
    },
    {
      "buffer": 0,
      "byteOffset": 683072,
      "byteLength": 9984,
      "target": 34963
    },
    {
      "buffer": 0,
      "byteOffset": 693056,
      "byteLength": 19968,
      "target": 34962,
      "byteStride": 12
    },
    {
      "buffer": 0,
      "byteOffset": 713024,
      "byteLength": 19968,
      "target": 34962,
      "byteStride": 12
    },
    {
      "buffer": 0,
      "byteOffset": 732992,
      "byteLength": 9984,
      "target": 34963
    },
    {
      "buffer": 0,
      "byteOffset": 742976,
      "byteLength": 3468,
      "target": 34962,
      "byteStride": 12
    },
    {
      "buffer": 0,
      "byteOffset": 746444,
      "byteLength": 3468,
      "target": 34962,
      "byteStride": 12
    },
    {
      "buffer": 0,
      "byteOffset": 749912,
      "byteLength": 2312,
      "target": 34962,
      "byteStride": 8
    },
    {
      "buffer": 0,
      "byteOffset": 752224,
      "byteLength": 2880,
      "target": 34963
    },
    {
      "buffer": 0,
      "byteOffset": 755104,
      "byteLength": 3468,
      "target": 34962,
      "byteStride": 12
    },
    {
      "buffer": 0,
      "byteOffset": 758572,
      "byteLength": 3468,
      "target": 34962,
      "byteStride": 12
    },
    {
      "buffer": 0,
      "byteOffset": 762040,
      "byteLength": 2312,
      "target": 34962,
      "byteStride": 8
    },
    {
      "buffer": 0,
      "byteOffset": 764352,
      "byteLength": 2880,
      "target": 34963
    },
    {
      "buffer": 0,
      "byteOffset": 767232,
      "byteLength": 2304,
      "target": 34962,
      "byteStride": 12
    },
    {
      "buffer": 0,
      "byteOffset": 769536,
      "byteLength": 2304,
      "target": 34962,
      "byteStride": 12
    },
    {
      "buffer": 0,
      "byteOffset": 771840,
      "byteLength": 1152,
      "target": 34963
    },
    {
      "buffer": 0,
      "byteOffset": 772992,
      "byteLength": 2688,
      "target": 34962,
      "byteStride": 12
    },
    {
      "buffer": 0,
      "byteOffset": 775680,
      "byteLength": 2688,
      "target": 34962,
      "byteStride": 12
    },
    {
      "buffer": 0,
      "byteOffset": 778368,
      "byteLength": 1344,
      "target": 34963
    },
    {
      "buffer": 0,
      "byteOffset": 779712,
      "byteLength": 2880,
      "target": 34962,
      "byteStride": 12
    },
    {
      "buffer": 0,
      "byteOffset": 782592,
      "byteLength": 2880,
      "target": 34962,
      "byteStride": 12
    },
    {
      "buffer": 0,
      "byteOffset": 785472,
      "byteLength": 1440,
      "target": 34963
    },
    {
      "buffer": 0,
      "byteOffset": 786912,
      "byteLength": 720,
      "target": 34962,
      "byteStride": 12
    },
    {
      "buffer": 0,
      "byteOffset": 787632,
      "byteLength": 720,
      "target": 34962,
      "byteStride": 12
    },
    {
      "buffer": 0,
      "byteOffset": 788352,
      "byteLength": 240,
      "target": 34963
    },
    {
      "buffer": 0,
      "byteOffset": 788592,
      "byteLength": 720,
      "target": 34962,
      "byteStride": 12
    },
    {
      "buffer": 0,
      "byteOffset": 789312,
      "byteLength": 720,
      "target": 34962,
      "byteStride": 12
    },
    {
      "buffer": 0,
      "byteOffset": 790032,
      "byteLength": 240,
      "target": 34963
    },
    {
      "buffer": 0,
      "byteOffset": 790272,
      "byteLength": 720,
      "target": 34962,
      "byteStride": 12
    },
    {
      "buffer": 0,
      "byteOffset": 790992,
      "byteLength": 720,
      "target": 34962,
      "byteStride": 12
    },
    {
      "buffer": 0,
      "byteOffset": 791712,
      "byteLength": 240,
      "target": 34963
    },
    {
      "buffer": 0,
      "byteOffset": 791952,
      "byteLength": 1368,
      "target": 34962,
      "byteStride": 12
    },
    {
      "buffer": 0,
      "byteOffset": 793320,
      "byteLength": 1368,
      "target": 34962,
      "byteStride": 12
